初始化
u [[ 0.76927366  0.37821056  0.17386958]
 [ 0.6181431   0.97922935  0.78898932]
 [ 0.45772822  0.55897723  0.68024449]
 [ 0.67239958  0.1728104   0.27421725]
 [ 0.25162426  0.16501792  0.96661439]
 [ 0.30476467  0.10488993  0.42229681]]
v [[ 1.29192041  0.23196858  0.58447899 -1.058747  ]
 [ 1.77964492 -0.12957213 -1.16775202 -0.47011692]
 [-0.37064848 -0.53306101  1.3893467   0.15035161]]
*********************迭代:*********************************** 1
-----------------电影i:-------------------------------- 1
+++++++++++++用户j:++++++++++++++ 1
math.fabs(a[i][j]) > 1e-4 5.0
隐变量k: 1
U: 0.813090033242
u对应变化位置:
电影i: 1
隐变量k: 1
u [[ 0.81309003  0.37821056  0.17386958]
 [ 0.6181431   0.97922935  0.78898932]
 [ 0.45772822  0.55897723  0.68024449]
 [ 0.67239958  0.1728104   0.27421725]
 [ 0.25162426  0.16501792  0.96661439]
 [ 0.30476467  0.10488993  0.42229681]]
V 1.31792747078
v对应变化位置:
用户j: 1
隐变量k: 1
v [[ 1.31792747  0.23196858  0.58447899 -1.058747  ]
 [ 1.77964492 -0.12957213 -1.16775202 -0.47011692]
 [-0.37064848 -0.53306101  1.3893467   0.15035161]]
隐变量k: 2
U: 0.438636591866
u对应变化位置:
电影i: 1
隐变量k: 2
u [[ 0.81309003  0.43863659  0.17386958]
 [ 0.6181431   0.97922935  0.78898932]
 [ 0.45772822  0.55897723  0.68024449]
 [ 0.67239958  0.1728104   0.27421725]
 [ 0.25162426  0.16501792  0.96661439]
 [ 0.30476467  0.10488993  0.42229681]]
V 1.79231675225
v对应变化位置:
用户j: 1
隐变量k: 2
v [[ 1.31792747  0.23196858  0.58447899 -1.058747  ]
 [ 1.79231675 -0.12957213 -1.16775202 -0.47011692]
 [-0.37064848 -0.53306101  1.3893467   0.15035161]]
隐变量k: 3
U: 0.161259320723
u对应变化位置:
电影i: 1
隐变量k: 3
u [[ 0.81309003  0.43863659  0.16125932]
 [ 0.6181431   0.97922935  0.78898932]
 [ 0.45772822  0.55897723  0.68024449]
 [ 0.67239958  0.1728104   0.27421725]
 [ 0.25162426  0.16501792  0.96661439]
 [ 0.30476467  0.10488993  0.42229681]]
V -0.364704158237
v对应变化位置:
用户j: 1
隐变量k: 3
v [[ 1.31792747  0.23196858  0.58447899 -1.058747  ]
 [ 1.79231675 -0.12957213 -1.16775202 -0.47011692]
 [-0.36470416 -0.53306101  1.3893467   0.15035161]]
+++++++++++++用户j:++++++++++++++ 2
math.fabs(a[i][j]) > 1e-4 5.0
隐变量k: 1
U: 0.824500876214
u对应变化位置:
电影i: 1
隐变量k: 1
u [[ 0.82450088  0.43863659  0.16125932]
 [ 0.6181431   0.97922935  0.78898932]
 [ 0.45772822  0.55897723  0.68024449]
 [ 0.67239958  0.1728104   0.27421725]
 [ 0.25162426  0.16501792  0.96661439]
 [ 0.30476467  0.10488993  0.42229681]]
V 0.272227363076
v对应变化位置:
用户j: 2
隐变量k: 1
v [[ 1.31792747  0.27222736  0.58447899 -1.058747  ]
 [ 1.79231675 -0.12957213 -1.16775202 -0.47011692]
 [-0.36470416 -0.53306101  1.3893467   0.15035161]]
隐变量k: 2
U: 0.432173485674
u对应变化位置:
电影i: 1
隐变量k: 2
u [[ 0.82450088  0.43217349  0.16125932]
 [ 0.6181431   0.97922935  0.78898932]
 [ 0.45772822  0.55897723  0.68024449]
 [ 0.67239958  0.1728104   0.27421725]
 [ 0.25162426  0.16501792  0.96661439]
 [ 0.30476467  0.10488993  0.42229681]]
V -0.107828300839
v对应变化位置:
用户j: 2
隐变量k: 2
v [[ 1.31792747  0.27222736  0.58447899 -1.058747  ]
 [ 1.79231675 -0.1078283  -1.16775202 -0.47011692]
 [-0.36470416 -0.53306101  1.3893467   0.15035161]]
隐变量k: 3
U: 0.134834367344
u对应变化位置:
电影i: 1
隐变量k: 3
u [[ 0.82450088  0.43217349  0.13483437]
 [ 0.6181431   0.97922935  0.78898932]
 [ 0.45772822  0.55897723  0.68024449]
 [ 0.67239958  0.1728104   0.27421725]
 [ 0.25162426  0.16501792  0.96661439]
 [ 0.30476467  0.10488993  0.42229681]]
V -0.525018618113
v对应变化位置:
用户j: 2
隐变量k: 3
v [[ 1.31792747  0.27222736  0.58447899 -1.058747  ]
 [ 1.79231675 -0.1078283  -1.16775202 -0.47011692]
 [-0.36470416 -0.52501862  1.3893467   0.15035161]]
+++++++++++++用户j:++++++++++++++ 3
+++++++++++++用户j:++++++++++++++ 4
math.fabs(a[i][j]) > 1e-4 5.0
隐变量k: 1
U: 0.760302429838
u对应变化位置:
电影i: 1
隐变量k: 1
u [[ 0.76030243  0.43217349  0.13483437]
 [ 0.6181431   0.97922935  0.78898932]
 [ 0.45772822  0.55897723  0.68024449]
 [ 0.67239958  0.1728104   0.27421725]
 [ 0.25162426  0.16501792  0.96661439]
 [ 0.30476467  0.10488993  0.42229681]]
V -1.00871069612
v对应变化位置:
用户j: 4
隐变量k: 1
v [[ 1.31792747  0.27222736  0.58447899 -1.0087107 ]
 [ 1.79231675 -0.1078283  -1.16775202 -0.47011692]
 [-0.36470416 -0.52501862  1.3893467   0.15035161]]
隐变量k: 2
U: 0.403660752221
u对应变化位置:
电影i: 1
隐变量k: 2
u [[ 0.76030243  0.40366075  0.13483437]
 [ 0.6181431   0.97922935  0.78898932]
 [ 0.45772822  0.55897723  0.68024449]
 [ 0.67239958  0.1728104   0.27421725]
 [ 0.25162426  0.16501792  0.96661439]
 [ 0.30476467  0.10488993  0.42229681]]
V -0.443898187295
v对应变化位置:
用户j: 4
隐变量k: 2
v [[ 1.31792747  0.27222736  0.58447899 -1.0087107 ]
 [ 1.79231675 -0.1078283  -1.16775202 -0.44389819]
 [-0.36470416 -0.52501862  1.3893467   0.15035161]]
隐变量k: 3
U: 0.143925932775
u对应变化位置:
电影i: 1
隐变量k: 3
u [[ 0.76030243  0.40366075  0.14392593]
 [ 0.6181431   0.97922935  0.78898932]
 [ 0.45772822  0.55897723  0.68024449]
 [ 0.67239958  0.1728104   0.27421725]
 [ 0.25162426  0.16501792  0.96661439]
 [ 0.30476467  0.10488993  0.42229681]]
V 0.158501923694
v对应变化位置:
用户j: 4
隐变量k: 3
v [[ 1.31792747  0.27222736  0.58447899 -1.0087107 ]
 [ 1.79231675 -0.1078283  -1.16775202 -0.44389819]
 [-0.36470416 -0.52501862  1.3893467   0.15850192]]
-----------------电影i:-------------------------------- 2
+++++++++++++用户j:++++++++++++++ 1
math.fabs(a[i][j]) > 1e-4 5.0
隐变量k: 1
U: 0.653902430462
u对应变化位置:
电影i: 2
隐变量k: 1
u [[ 0.76030243  0.40366075  0.14392593]
 [ 0.65390243  0.97922935  0.78898932]
 [ 0.45772822  0.55897723  0.68024449]
 [ 0.67239958  0.1728104   0.27421725]
 [ 0.25162426  0.16501792  0.96661439]
 [ 0.30476467  0.10488993  0.42229681]]
V 1.3345967503
v对应变化位置:
用户j: 1
隐变量k: 1
v [[ 1.33459675  0.27222736  0.58447899 -1.0087107 ]
 [ 1.79231675 -0.1078283  -1.16775202 -0.44389819]
 [-0.36470416 -0.52501862  1.3893467   0.15850192]]
隐变量k: 2
U: 1.02784642581
u对应变化位置:
电影i: 2
隐变量k: 2
u [[ 0.76030243  0.40366075  0.14392593]
 [ 0.65390243  1.02784643  0.78898932]
 [ 0.45772822  0.55897723  0.68024449]
 [ 0.67239958  0.1728104   0.27421725]
 [ 0.25162426  0.16501792  0.96661439]
 [ 0.30476467  0.10488993  0.42229681]]
V 1.81875288366
v对应变化位置:
用户j: 1
隐变量k: 2
v [[ 1.33459675  0.27222736  0.58447899 -1.0087107 ]
 [ 1.81875288 -0.1078283  -1.16775202 -0.44389819]
 [-0.36470416 -0.52501862  1.3893467   0.15850192]]
隐变量k: 3
U: 0.778997797342
u对应变化位置:
电影i: 2
隐变量k: 3
u [[ 0.76030243  0.40366075  0.14392593]
 [ 0.65390243  1.02784643  0.7789978 ]
 [ 0.45772822  0.55897723  0.68024449]
 [ 0.67239958  0.1728104   0.27421725]
 [ 0.25162426  0.16501792  0.96661439]
 [ 0.30476467  0.10488993  0.42229681]]
V -0.343223030984
v对应变化位置:
用户j: 1
隐变量k: 3
v [[ 1.33459675  0.27222736  0.58447899 -1.0087107 ]
 [ 1.81875288 -0.1078283  -1.16775202 -0.44389819]
 [-0.34322303 -0.52501862  1.3893467   0.15850192]]
+++++++++++++用户j:++++++++++++++ 2
+++++++++++++用户j:++++++++++++++ 3
math.fabs(a[i][j]) > 1e-4 3.0
隐变量k: 1
U: 0.669827096475
u对应变化位置:
电影i: 2
隐变量k: 1
u [[ 0.76030243  0.40366075  0.14392593]
 [ 0.6698271   1.02784643  0.7789978 ]
 [ 0.45772822  0.55897723  0.68024449]
 [ 0.67239958  0.1728104   0.27421725]
 [ 0.25162426  0.16501792  0.96661439]
 [ 0.30476467  0.10488993  0.42229681]]
V 0.602309867133
v对应变化位置:
用户j: 3
隐变量k: 1
v [[ 1.33459675  0.27222736  0.60230987 -1.0087107 ]
 [ 1.81875288 -0.1078283  -1.16775202 -0.44389819]
 [-0.34322303 -0.52501862  1.3893467   0.15850192]]
隐变量k: 2
U: 0.995796520863
u对应变化位置:
电影i: 2
隐变量k: 2
u [[ 0.76030243  0.40366075  0.14392593]
 [ 0.6698271   0.99579652  0.7789978 ]
 [ 0.45772822  0.55897723  0.68024449]
 [ 0.67239958  0.1728104   0.27421725]
 [ 0.25162426  0.16501792  0.96661439]
 [ 0.30476467  0.10488993  0.42229681]]
V -1.13951563321
v对应变化位置:
用户j: 3
隐变量k: 2
v [[ 1.33459675  0.27222736  0.60230987 -1.0087107 ]
 [ 1.81875288 -0.1078283  -1.13951563 -0.44389819]
 [-0.34322303 -0.52501862  1.3893467   0.15850192]]
隐变量k: 3
U: 0.816929359591
u对应变化位置:
电影i: 2
隐变量k: 3
u [[ 0.76030243  0.40366075  0.14392593]
 [ 0.6698271   0.99579652  0.81692936]
 [ 0.45772822  0.55897723  0.68024449]
 [ 0.67239958  0.1728104   0.27421725]
 [ 0.25162426  0.16501792  0.96661439]
 [ 0.30476467  0.10488993  0.42229681]]
V 1.41051942408
v对应变化位置:
用户j: 3
隐变量k: 3
v [[ 1.33459675  0.27222736  0.60230987 -1.0087107 ]
 [ 1.81875288 -0.1078283  -1.13951563 -0.44389819]
 [-0.34322303 -0.52501862  1.41051942  0.15850192]]
+++++++++++++用户j:++++++++++++++ 4
math.fabs(a[i][j]) > 1e-4 4.0
隐变量k: 1
U: 0.619443514502
u对应变化位置:
电影i: 2
隐变量k: 1
u [[ 0.76030243  0.40366075  0.14392593]
 [ 0.61944351  0.99579652  0.81692936]
 [ 0.45772822  0.55897723  0.68024449]
 [ 0.67239958  0.1728104   0.27421725]
 [ 0.25162426  0.16501792  0.96661439]
 [ 0.30476467  0.10488993  0.42229681]]
V -0.975197448515
v对应变化位置:
用户j: 4
隐变量k: 1
v [[ 1.33459675  0.27222736  0.60230987 -0.97519745]
 [ 1.81875288 -0.1078283  -1.13951563 -0.44389819]
 [-0.34322303 -0.52501862  1.41051942  0.15850192]]
隐变量k: 2
U: 0.973554371205
u对应变化位置:
电影i: 2
隐变量k: 2
u [[ 0.76030243  0.40366075  0.14392593]
 [ 0.61944351  0.97355437  0.81692936]
 [ 0.45772822  0.55897723  0.68024449]
 [ 0.67239958  0.1728104   0.27421725]
 [ 0.25162426  0.16501792  0.96661439]
 [ 0.30476467  0.10488993  0.42229681]]
V -0.394181384284
v对应变化位置:
用户j: 4
隐变量k: 2
v [[ 1.33459675  0.27222736  0.60230987 -0.97519745]
 [ 1.81875288 -0.1078283  -1.13951563 -0.39418138]
 [-0.34322303 -0.52501862  1.41051942  0.15850192]]
隐变量k: 3
U: 0.824754074119
u对应变化位置:
电影i: 2
隐变量k: 3
u [[ 0.76030243  0.40366075  0.14392593]
 [ 0.61944351  0.97355437  0.82475407]
 [ 0.45772822  0.55897723  0.68024449]
 [ 0.67239958  0.1728104   0.27421725]
 [ 0.25162426  0.16501792  0.96661439]
 [ 0.30476467  0.10488993  0.42229681]]
V 0.199236218584
v对应变化位置:
用户j: 4
隐变量k: 3
v [[ 1.33459675  0.27222736  0.60230987 -0.97519745]
 [ 1.81875288 -0.1078283  -1.13951563 -0.39418138]
 [-0.34322303 -0.52501862  1.41051942  0.19923622]]
-----------------电影i:-------------------------------- 3
+++++++++++++用户j:++++++++++++++ 1
math.fabs(a[i][j]) > 1e-4 3.0
隐变量k: 1
U: 0.479115421252
u对应变化位置:
电影i: 3
隐变量k: 1
u [[ 0.76030243  0.40366075  0.14392593]
 [ 0.61944351  0.97355437  0.82475407]
 [ 0.47911542  0.55897723  0.68024449]
 [ 0.67239958  0.1728104   0.27421725]
 [ 0.25162426  0.16501792  0.96661439]
 [ 0.30476467  0.10488993  0.42229681]]
V 1.34181418393
v对应变化位置:
用户j: 1
隐变量k: 1
v [[ 1.34181418  0.27222736  0.60230987 -0.97519745]
 [ 1.81875288 -0.1078283  -1.13951563 -0.39418138]
 [-0.34322303 -0.52501862  1.41051942  0.19923622]]
隐变量k: 2
U: 0.588129626202
u对应变化位置:
电影i: 3
隐变量k: 2
u [[ 0.76030243  0.40366075  0.14392593]
 [ 0.61944351  0.97355437  0.82475407]
 [ 0.47911542  0.58812963  0.68024449]
 [ 0.67239958  0.1728104   0.27421725]
 [ 0.25162426  0.16501792  0.96661439]
 [ 0.30476467  0.10488993  0.42229681]]
V 1.82754791182
v对应变化位置:
用户j: 1
隐变量k: 2
v [[ 1.34181418  0.27222736  0.60230987 -0.97519745]
 [ 1.82754791 -0.1078283  -1.13951563 -0.39418138]
 [-0.34322303 -0.52501862  1.41051942  0.19923622]]
隐变量k: 3
U: 0.674664473357
u对应变化位置:
电影i: 3
隐变量k: 3
u [[ 0.76030243  0.40366075  0.14392593]
 [ 0.61944351  0.97355437  0.82475407]
 [ 0.47911542  0.58812963  0.67466447]
 [ 0.67239958  0.1728104   0.27421725]
 [ 0.25162426  0.16501792  0.96661439]
 [ 0.30476467  0.10488993  0.42229681]]
V -0.332264311839
v对应变化位置:
用户j: 1
隐变量k: 3
v [[ 1.34181418  0.27222736  0.60230987 -0.97519745]
 [ 1.82754791 -0.1078283  -1.13951563 -0.39418138]
 [-0.33226431 -0.52501862  1.41051942  0.19923622]]
+++++++++++++用户j:++++++++++++++ 2
math.fabs(a[i][j]) > 1e-4 4.0
隐变量k: 1
U: 0.490738441492
u对应变化位置:
电影i: 3
隐变量k: 1
u [[ 0.76030243  0.40366075  0.14392593]
 [ 0.61944351  0.97355437  0.82475407]
 [ 0.49073844  0.58812963  0.67466447]
 [ 0.67239958  0.1728104   0.27421725]
 [ 0.25162426  0.16501792  0.96661439]
 [ 0.30476467  0.10488993  0.42229681]]
V 0.292740777159
v对应变化位置:
用户j: 2
隐变量k: 1
v [[ 1.34181418  0.29274078  0.60230987 -0.97519745]
 [ 1.82754791 -0.1078283  -1.13951563 -0.39418138]
 [-0.33226431 -0.52501862  1.41051942  0.19923622]]
隐变量k: 2
U: 0.583447998218
u对应变化位置:
电影i: 3
隐变量k: 2
u [[ 0.76030243  0.40366075  0.14392593]
 [ 0.61944351  0.97355437  0.82475407]
 [ 0.49073844  0.583448    0.67466447]
 [ 0.67239958  0.1728104   0.27421725]
 [ 0.25162426  0.16501792  0.96661439]
 [ 0.30476467  0.10488993  0.42229681]]
V -0.082603224086
v对应变化位置:
用户j: 2
隐变量k: 2
v [[ 1.34181418  0.29274078  0.60230987 -0.97519745]
 [ 1.82754791 -0.08260322 -1.13951563 -0.39418138]
 [-0.33226431 -0.52501862  1.41051942  0.19923622]]
隐变量k: 3
U: 0.652088408189
u对应变化位置:
电影i: 3
隐变量k: 3
u [[ 0.76030243  0.40366075  0.14392593]
 [ 0.61944351  0.97355437  0.82475407]
 [ 0.49073844  0.583448    0.65208841]
 [ 0.67239958  0.1728104   0.27421725]
 [ 0.25162426  0.16501792  0.96661439]
 [ 0.30476467  0.10488993  0.42229681]]
V -0.496041900274
v对应变化位置:
用户j: 2
隐变量k: 3
v [[ 1.34181418  0.29274078  0.60230987 -0.97519745]
 [ 1.82754791 -0.08260322 -1.13951563 -0.39418138]
 [-0.33226431 -0.4960419   1.41051942  0.19923622]]
+++++++++++++用户j:++++++++++++++ 3
+++++++++++++用户j:++++++++++++++ 4
math.fabs(a[i][j]) > 1e-4 3.0
隐变量k: 1
U: 0.45579064372
u对应变化位置:
电影i: 3
隐变量k: 1
u [[ 0.76030243  0.40366075  0.14392593]
 [ 0.61944351  0.97355437  0.82475407]
 [ 0.45579064  0.583448    0.65208841]
 [ 0.67239958  0.1728104   0.27421725]
 [ 0.25162426  0.16501792  0.96661439]
 [ 0.30476467  0.10488993  0.42229681]]
V -0.957538207893
v对应变化位置:
用户j: 4
隐变量k: 1
v [[ 1.34181418  0.29274078  0.60230987 -0.95753821]
 [ 1.82754791 -0.08260322 -1.13951563 -0.39418138]
 [-0.33226431 -0.4960419   1.41051942  0.19923622]]
隐变量k: 2
U: 0.56928335389
u对应变化位置:
电影i: 3
隐变量k: 2
u [[ 0.76030243  0.40366075  0.14392593]
 [ 0.61944351  0.97355437  0.82475407]
 [ 0.45579064  0.56928335  0.65208841]
 [ 0.67239958  0.1728104   0.27421725]
 [ 0.25162426  0.16501792  0.96661439]
 [ 0.30476467  0.10488993  0.42229681]]
V -0.373262511788
v对应变化位置:
用户j: 4
隐变量k: 2
v [[ 1.34181418  0.29274078  0.60230987 -0.95753821]
 [ 1.82754791 -0.08260322 -1.13951563 -0.37326251]
 [-0.33226431 -0.4960419   1.41051942  0.19923622]]
隐变量k: 3
U: 0.659153129599
u对应变化位置:
电影i: 3
隐变量k: 3
u [[ 0.76030243  0.40366075  0.14392593]
 [ 0.61944351  0.97355437  0.82475407]
 [ 0.45579064  0.56928335  0.65915313]
 [ 0.67239958  0.1728104   0.27421725]
 [ 0.25162426  0.16501792  0.96661439]
 [ 0.30476467  0.10488993  0.42229681]]
V 0.222552136713
v对应变化位置:
用户j: 4
隐变量k: 3
v [[ 1.34181418  0.29274078  0.60230987 -0.95753821]
 [ 1.82754791 -0.08260322 -1.13951563 -0.37326251]
 [-0.33226431 -0.4960419   1.41051942  0.22255214]]
-----------------电影i:-------------------------------- 4
+++++++++++++用户j:++++++++++++++ 1
+++++++++++++用户j:++++++++++++++ 2
+++++++++++++用户j:++++++++++++++ 3
math.fabs(a[i][j]) > 1e-4 5.0
隐变量k: 1
U: 0.698864919183
u对应变化位置:
电影i: 4
隐变量k: 1
u [[ 0.76030243  0.40366075  0.14392593]
 [ 0.61944351  0.97355437  0.82475407]
 [ 0.45579064  0.56928335  0.65915313]
 [ 0.69886492  0.1728104   0.27421725]
 [ 0.25162426  0.16501792  0.96661439]
 [ 0.30476467  0.10488993  0.42229681]]
V 0.631869768653
v对应变化位置:
用户j: 3
隐变量k: 1
v [[ 1.34181418  0.29274078  0.63186977 -0.95753821]
 [ 1.82754791 -0.08260322 -1.13951563 -0.37326251]
 [-0.33226431 -0.4960419   1.41051942  0.22255214]]
隐变量k: 2
U: 0.122595876273
u对应变化位置:
电影i: 4
隐变量k: 2
u [[ 0.76030243  0.40366075  0.14392593]
 [ 0.61944351  0.97355437  0.82475407]
 [ 0.45579064  0.56928335  0.65915313]
 [ 0.69886492  0.12259588  0.27421725]
 [ 0.25162426  0.16501792  0.96661439]
 [ 0.30476467  0.10488993  0.42229681]]
V -1.13178914424
v对应变化位置:
用户j: 3
隐变量k: 2
v [[ 1.34181418  0.29274078  0.63186977 -0.95753821]
 [ 1.82754791 -0.08260322 -1.13178914 -0.37326251]
 [-0.33226431 -0.4960419   1.41051942  0.22255214]]
隐变量k: 3
U: 0.336325165164
u对应变化位置:
电影i: 4
隐变量k: 3
u [[ 0.76030243  0.40366075  0.14392593]
 [ 0.61944351  0.97355437  0.82475407]
 [ 0.45579064  0.56928335  0.65915313]
 [ 0.69886492  0.12259588  0.33632517]
 [ 0.25162426  0.16501792  0.96661439]
 [ 0.30476467  0.10488993  0.42229681]]
V 1.42245802189
v对应变化位置:
用户j: 3
隐变量k: 3
v [[ 1.34181418  0.29274078  0.63186977 -0.95753821]
 [ 1.82754791 -0.08260322 -1.13178914 -0.37326251]
 [-0.33226431 -0.4960419   1.42245802  0.22255214]]
+++++++++++++用户j:++++++++++++++ 4
math.fabs(a[i][j]) > 1e-4 3.0
隐变量k: 1
U: 0.663939680336
u对应变化位置:
电影i: 4
隐变量k: 1
u [[ 0.76030243  0.40366075  0.14392593]
 [ 0.61944351  0.97355437  0.82475407]
 [ 0.45579064  0.56928335  0.65915313]
 [ 0.66393968  0.12259588  0.33632517]
 [ 0.25162426  0.16501792  0.96661439]
 [ 0.30476467  0.10488993  0.42229681]]
V -0.932003069194
v对应变化位置:
用户j: 4
隐变量k: 1
v [[ 1.34181418  0.29274078  0.63186977 -0.93200307]
 [ 1.82754791 -0.08260322 -1.13178914 -0.37326251]
 [-0.33226431 -0.4960419   1.42245802  0.22255214]]
隐变量k: 2
U: 0.108996486416
u对应变化位置:
电影i: 4
隐变量k: 2
u [[ 0.76030243  0.40366075  0.14392593]
 [ 0.61944351  0.97355437  0.82475407]
 [ 0.45579064  0.56928335  0.65915313]
 [ 0.66393968  0.10899649  0.33632517]
 [ 0.25162426  0.16501792  0.96661439]
 [ 0.30476467  0.10488993  0.42229681]]
V -0.368762572526
v对应变化位置:
用户j: 4
隐变量k: 2
v [[ 1.34181418  0.29274078  0.63186977 -0.93200307]
 [ 1.82754791 -0.08260322 -1.13178914 -0.36876257]
 [-0.33226431 -0.4960419   1.42245802  0.22255214]]
隐变量k: 3
U: 0.344392653917
u对应变化位置:
电影i: 4
隐变量k: 3
u [[ 0.76030243  0.40366075  0.14392593]
 [ 0.61944351  0.97355437  0.82475407]
 [ 0.45579064  0.56928335  0.65915313]
 [ 0.66393968  0.10899649  0.34439265]
 [ 0.25162426  0.16501792  0.96661439]
 [ 0.30476467  0.10488993  0.42229681]]
V 0.234772455258
v对应变化位置:
用户j: 4
隐变量k: 3
v [[ 1.34181418  0.29274078  0.63186977 -0.93200307]
 [ 1.82754791 -0.08260322 -1.13178914 -0.36876257]
 [-0.33226431 -0.4960419   1.42245802  0.23477246]]
-----------------电影i:-------------------------------- 5
+++++++++++++用户j:++++++++++++++ 1
math.fabs(a[i][j]) > 1e-4 5.0
隐变量k: 1
U: 0.314422302567
u对应变化位置:
电影i: 5
隐变量k: 1
u [[ 0.76030243  0.40366075  0.14392593]
 [ 0.61944351  0.97355437  0.82475407]
 [ 0.45579064  0.56928335  0.65915313]
 [ 0.66393968  0.10899649  0.34439265]
 [ 0.3144223   0.16501792  0.96661439]
 [ 0.30476467  0.10488993  0.42229681]]
V 1.3534609504
v对应变化位置:
用户j: 1
隐变量k: 1
v [[ 1.35346095  0.29274078  0.63186977 -0.93200307]
 [ 1.82754791 -0.08260322 -1.13178914 -0.36876257]
 [-0.33226431 -0.4960419   1.42245802  0.23477246]]
隐变量k: 2
U: 0.250566481711
u对应变化位置:
电影i: 5
隐变量k: 2
u [[ 0.76030243  0.40366075  0.14392593]
 [ 0.61944351  0.97355437  0.82475407]
 [ 0.45579064  0.56928335  0.65915313]
 [ 0.66393968  0.10899649  0.34439265]
 [ 0.3144223   0.25056648  0.96661439]
 [ 0.30476467  0.10488993  0.42229681]]
V 1.83509123035
v对应变化位置:
用户j: 1
隐变量k: 2
v [[ 1.35346095  0.29274078  0.63186977 -0.93200307]
 [ 1.83509123 -0.08260322 -1.13178914 -0.36876257]
 [-0.33226431 -0.4960419   1.42245802  0.23477246]]
隐变量k: 3
U: 0.950961245648
u对应变化位置:
电影i: 5
隐变量k: 3
u [[ 0.76030243  0.40366075  0.14392593]
 [ 0.61944351  0.97355437  0.82475407]
 [ 0.45579064  0.56928335  0.65915313]
 [ 0.66393968  0.10899649  0.34439265]
 [ 0.3144223   0.25056648  0.95096125]
 [ 0.30476467  0.10488993  0.42229681]]
V -0.286974583196
v对应变化位置:
用户j: 1
隐变量k: 3
v [[ 1.35346095  0.29274078  0.63186977 -0.93200307]
 [ 1.83509123 -0.08260322 -1.13178914 -0.36876257]
 [-0.28697458 -0.4960419   1.42245802  0.23477246]]
+++++++++++++用户j:++++++++++++++ 2
math.fabs(a[i][j]) > 1e-4 4.0
隐变量k: 1
U: 0.327272537653
u对应变化位置:
电影i: 5
隐变量k: 1
u [[ 0.76030243  0.40366075  0.14392593]
 [ 0.61944351  0.97355437  0.82475407]
 [ 0.45579064  0.56928335  0.65915313]
 [ 0.66393968  0.10899649  0.34439265]
 [ 0.32727254  0.25056648  0.95096125]
 [ 0.30476467  0.10488993  0.42229681]]
V 0.306547247736
v对应变化位置:
用户j: 2
隐变量k: 1
v [[ 1.35346095  0.30654725  0.63186977 -0.93200307]
 [ 1.83509123 -0.08260322 -1.13178914 -0.36876257]
 [-0.28697458 -0.4960419   1.42245802  0.23477246]]
隐变量k: 2
U: 0.246906577577
u对应变化位置:
电影i: 5
隐变量k: 2
u [[ 0.76030243  0.40366075  0.14392593]
 [ 0.61944351  0.97355437  0.82475407]
 [ 0.45579064  0.56928335  0.65915313]
 [ 0.66393968  0.10899649  0.34439265]
 [ 0.32727254  0.24690658  0.95096125]
 [ 0.30476467  0.10488993  0.42229681]]
V -0.0715691114889
v对应变化位置:
用户j: 2
隐变量k: 2
v [[ 1.35346095  0.30654725  0.63186977 -0.93200307]
 [ 1.83509123 -0.07156911 -1.13178914 -0.36876257]
 [-0.28697458 -0.4960419   1.42245802  0.23477246]]
隐变量k: 3
U: 0.929038470589
u对应变化位置:
电影i: 5
隐变量k: 3
u [[ 0.76030243  0.40366075  0.14392593]
 [ 0.61944351  0.97355437  0.82475407]
 [ 0.45579064  0.56928335  0.65915313]
 [ 0.66393968  0.10899649  0.34439265]
 [ 0.32727254  0.24690658  0.92903847]
 [ 0.30476467  0.10488993  0.42229681]]
V -0.454146482782
v对应变化位置:
用户j: 2
隐变量k: 3
v [[ 1.35346095  0.30654725  0.63186977 -0.93200307]
 [ 1.83509123 -0.07156911 -1.13178914 -0.36876257]
 [-0.28697458 -0.45414648  1.42245802  0.23477246]]
+++++++++++++用户j:++++++++++++++ 3
math.fabs(a[i][j]) > 1e-4 4.0
隐变量k: 1
U: 0.344623396566
u对应变化位置:
电影i: 5
隐变量k: 1
u [[ 0.76030243  0.40366075  0.14392593]
 [ 0.61944351  0.97355437  0.82475407]
 [ 0.45579064  0.56928335  0.65915313]
 [ 0.66393968  0.10899649  0.34439265]
 [ 0.3446234   0.24690658  0.92903847]
 [ 0.30476467  0.10488993  0.42229681]]
V 0.640810288833
v对应变化位置:
用户j: 3
隐变量k: 1
v [[ 1.35346095  0.30654725  0.64081029 -0.93200307]
 [ 1.83509123 -0.07156911 -1.13178914 -0.36876257]
 [-0.28697458 -0.45414648  1.42245802  0.23477246]]
隐变量k: 2
U: 0.215744847157
u对应变化位置:
电影i: 5
隐变量k: 2
u [[ 0.76030243  0.40366075  0.14392593]
 [ 0.61944351  0.97355437  0.82475407]
 [ 0.45579064  0.56928335  0.65915313]
 [ 0.66393968  0.10899649  0.34439265]
 [ 0.3446234   0.21574485  0.92903847]
 [ 0.30476467  0.10488993  0.42229681]]
V -1.12488323369
v对应变化位置:
用户j: 3
隐变量k: 2
v [[ 1.35346095  0.30654725  0.64081029 -0.93200307]
 [ 1.83509123 -0.07156911 -1.12488323 -0.36876257]
 [-0.28697458 -0.45414648  1.42245802  0.23477246]]
隐变量k: 3
U: 0.968079297803
u对应变化位置:
电影i: 5
隐变量k: 3
u [[ 0.76030243  0.40366075  0.14392593]
 [ 0.61944351  0.97355437  0.82475407]
 [ 0.45579064  0.56928335  0.65915313]
 [ 0.66393968  0.10899649  0.34439265]
 [ 0.3446234   0.21574485  0.9680793 ]
 [ 0.30476467  0.10488993  0.42229681]]
V 1.44787487245
v对应变化位置:
用户j: 3
隐变量k: 3
v [[ 1.35346095  0.30654725  0.64081029 -0.93200307]
 [ 1.83509123 -0.07156911 -1.12488323 -0.36876257]
 [-0.28697458 -0.45414648  1.44787487  0.23477246]]
+++++++++++++用户j:++++++++++++++ 4
math.fabs(a[i][j]) > 1e-4 5.0
隐变量k: 1
U: 0.296372031924
u对应变化位置:
电影i: 5
隐变量k: 1
u [[ 0.76030243  0.40366075  0.14392593]
 [ 0.61944351  0.97355437  0.82475407]
 [ 0.45579064  0.56928335  0.65915313]
 [ 0.66393968  0.10899649  0.34439265]
 [ 0.29637203  0.21574485  0.9680793 ]
 [ 0.30476467  0.10488993  0.42229681]]
V -0.9140808797
v对应变化位置:
用户j: 4
隐变量k: 1
v [[ 1.35346095  0.30654725  0.64081029 -0.91408088]
 [ 1.83509123 -0.07156911 -1.12488323 -0.36876257]
 [-0.28697458 -0.45414648  1.44787487  0.23477246]]
隐变量k: 2
U: 0.196645450377
u对应变化位置:
电影i: 5
隐变量k: 2
u [[ 0.76030243  0.40366075  0.14392593]
 [ 0.61944351  0.97355437  0.82475407]
 [ 0.45579064  0.56928335  0.65915313]
 [ 0.66393968  0.10899649  0.34439265]
 [ 0.29637203  0.19664545  0.9680793 ]
 [ 0.30476467  0.10488993  0.42229681]]
V -0.357564200603
v对应变化位置:
用户j: 4
隐变量k: 2
v [[ 1.35346095  0.30654725  0.64081029 -0.91408088]
 [ 1.83509123 -0.07156911 -1.12488323 -0.3575642 ]
 [-0.28697458 -0.45414648  1.44787487  0.23477246]]
隐变量k: 3
U: 0.980128373199
u对应变化位置:
电影i: 5
隐变量k: 3
u [[ 0.76030243  0.40366075  0.14392593]
 [ 0.61944351  0.97355437  0.82475407]
 [ 0.45579064  0.56928335  0.65915313]
 [ 0.66393968  0.10899649  0.34439265]
 [ 0.29637203  0.19664545  0.98012837]
 [ 0.30476467  0.10488993  0.42229681]]
V 0.284832273299
v对应变化位置:
用户j: 4
隐变量k: 3
v [[ 1.35346095  0.30654725  0.64081029 -0.91408088]
 [ 1.83509123 -0.07156911 -1.12488323 -0.3575642 ]
 [-0.28697458 -0.45414648  1.44787487  0.28483227]]
-----------------电影i:-------------------------------- 6
+++++++++++++用户j:++++++++++++++ 1
math.fabs(a[i][j]) > 1e-4 5.0
隐变量k: 1
U: 0.365859454139
u对应变化位置:
电影i: 6
隐变量k: 1
u [[ 0.76030243  0.40366075  0.14392593]
 [ 0.61944351  0.97355437  0.82475407]
 [ 0.45579064  0.56928335  0.65915313]
 [ 0.66393968  0.10899649  0.34439265]
 [ 0.29637203  0.19664545  0.98012837]
 [ 0.36585945  0.10488993  0.42229681]]
V 1.36708944367
v对应变化位置:
用户j: 1
隐变量k: 1
v [[ 1.36708944  0.30654725  0.64081029 -0.91408088]
 [ 1.83509123 -0.07156911 -1.12488323 -0.3575642 ]
 [-0.28697458 -0.45414648  1.44787487  0.28483227]]
隐变量k: 2
U: 0.187756180208
u对应变化位置:
电影i: 6
隐变量k: 2
u [[ 0.76030243  0.40366075  0.14392593]
 [ 0.61944351  0.97355437  0.82475407]
 [ 0.45579064  0.56928335  0.65915313]
 [ 0.66393968  0.10899649  0.34439265]
 [ 0.29637203  0.19664545  0.98012837]
 [ 0.36585945  0.18775618  0.42229681]]
V 1.83964478014
v对应变化位置:
用户j: 1
隐变量k: 2
v [[ 1.36708944  0.30654725  0.64081029 -0.91408088]
 [ 1.83964478 -0.07156911 -1.12488323 -0.3575642 ]
 [-0.28697458 -0.45414648  1.44787487  0.28483227]]
隐变量k: 3
U: 0.409294181044
u对应变化位置:
电影i: 6
隐变量k: 3
u [[ 0.76030243  0.40366075  0.14392593]
 [ 0.61944351  0.97355437  0.82475407]
 [ 0.45579064  0.56928335  0.65915313]
 [ 0.66393968  0.10899649  0.34439265]
 [ 0.29637203  0.19664545  0.98012837]
 [ 0.36585945  0.18775618  0.40929418]]
V -0.267874037916
v对应变化位置:
用户j: 1
隐变量k: 3
v [[ 1.36708944  0.30654725  0.64081029 -0.91408088]
 [ 1.83964478 -0.07156911 -1.12488323 -0.3575642 ]
 [-0.26787404 -0.45414648  1.44787487  0.28483227]]
+++++++++++++用户j:++++++++++++++ 2
math.fabs(a[i][j]) > 1e-4 4.0
隐变量k: 1
U: 0.378351956478
u对应变化位置:
电影i: 6
隐变量k: 1
u [[ 0.76030243  0.40366075  0.14392593]
 [ 0.61944351  0.97355437  0.82475407]
 [ 0.45579064  0.56928335  0.65915313]
 [ 0.66393968  0.10899649  0.34439265]
 [ 0.29637203  0.19664545  0.98012837]
 [ 0.37835196  0.18775618  0.40929418]]
V 0.321469868352
v对应变化位置:
用户j: 2
隐变量k: 1
v [[ 1.36708944  0.32146987  0.64081029 -0.91408088]
 [ 1.83964478 -0.07156911 -1.12488323 -0.3575642 ]
 [-0.26787404 -0.45414648  1.44787487  0.28483227]]
隐变量k: 2
U: 0.18481225774
u对应变化位置:
电影i: 6
隐变量k: 2
u [[ 0.76030243  0.40366075  0.14392593]
 [ 0.61944351  0.97355437  0.82475407]
 [ 0.45579064  0.56928335  0.65915313]
 [ 0.66393968  0.10899649  0.34439265]
 [ 0.29637203  0.19664545  0.98012837]
 [ 0.37835196  0.18481226  0.40929418]]
V -0.0638880518597
v对应变化位置:
用户j: 2
隐变量k: 2
v [[ 1.36708944  0.32146987  0.64081029 -0.91408088]
 [ 1.83964478 -0.06388805 -1.12488323 -0.3575642 ]
 [-0.26787404 -0.45414648  1.44787487  0.28483227]]
隐变量k: 3
U: 0.390691540769
u对应变化位置:
电影i: 6
隐变量k: 3
u [[ 0.76030243  0.40366075  0.14392593]
 [ 0.61944351  0.97355437  0.82475407]
 [ 0.45579064  0.56928335  0.65915313]
 [ 0.66393968  0.10899649  0.34439265]
 [ 0.29637203  0.19664545  0.98012837]
 [ 0.37835196  0.18481226  0.39069154]]
V -0.437372544338
v对应变化位置:
用户j: 2
隐变量k: 3
v [[ 1.36708944  0.32146987  0.64081029 -0.91408088]
 [ 1.83964478 -0.06388805 -1.12488323 -0.3575642 ]
 [-0.26787404 -0.43737254  1.44787487  0.28483227]]
+++++++++++++用户j:++++++++++++++ 3
math.fabs(a[i][j]) > 1e-4 5.0
隐变量k: 1
U: 0.406508286791
u对应变化位置:
电影i: 6
隐变量k: 1
u [[ 0.76030243  0.40366075  0.14392593]
 [ 0.61944351  0.97355437  0.82475407]
 [ 0.45579064  0.56928335  0.65915313]
 [ 0.66393968  0.10899649  0.34439265]
 [ 0.29637203  0.19664545  0.98012837]
 [ 0.40650829  0.18481226  0.39069154]]
V 0.657392815805
v对应变化位置:
用户j: 3
隐变量k: 1
v [[ 1.36708944  0.32146987  0.65739282 -0.91408088]
 [ 1.83964478 -0.06388805 -1.12488323 -0.3575642 ]
 [-0.26787404 -0.43737254  1.44787487  0.28483227]]
隐变量k: 2
U: 0.135301524874
u对应变化位置:
电影i: 6
隐变量k: 2
u [[ 0.76030243  0.40366075  0.14392593]
 [ 0.61944351  0.97355437  0.82475407]
 [ 0.45579064  0.56928335  0.65915313]
 [ 0.66393968  0.10899649  0.34439265]
 [ 0.29637203  0.19664545  0.98012837]
 [ 0.40650829  0.13530152  0.39069154]]
V -1.11663943494
v对应变化位置:
用户j: 3
隐变量k: 2
v [[ 1.36708944  0.32146987  0.65739282 -0.91408088]
 [ 1.83964478 -0.06388805 -1.11663943 -0.3575642 ]
 [-0.26787404 -0.43737254  1.44787487  0.28483227]]
隐变量k: 3
U: 0.454355605758
u对应变化位置:
电影i: 6
隐变量k: 3
u [[ 0.76030243  0.40366075  0.14392593]
 [ 0.61944351  0.97355437  0.82475407]
 [ 0.45579064  0.56928335  0.65915313]
 [ 0.66393968  0.10899649  0.34439265]
 [ 0.29637203  0.19664545  0.98012837]
 [ 0.40650829  0.13530152  0.45435561]]
V 1.46491960604
v对应变化位置:
用户j: 3
隐变量k: 3
v [[ 1.36708944  0.32146987  0.65739282 -0.91408088]
 [ 1.83964478 -0.06388805 -1.11663943 -0.3575642 ]
 [-0.26787404 -0.43737254  1.46491961  0.28483227]]
+++++++++++++用户j:++++++++++++++ 4
math.fabs(a[i][j]) > 1e-4 5.0
隐变量k: 1
U: 0.358107772998
u对应变化位置:
电影i: 6
隐变量k: 1
u [[ 0.76030243  0.40366075  0.14392593]
 [ 0.61944351  0.97355437  0.82475407]
 [ 0.45579064  0.56928335  0.65915313]
 [ 0.66393968  0.10899649  0.34439265]
 [ 0.29637203  0.19664545  0.98012837]
 [ 0.35810777  0.13530152  0.45435561]]
V -0.892482966576
v对应变化位置:
用户j: 4
隐变量k: 1
v [[ 1.36708944  0.32146987  0.65739282 -0.89248297]
 [ 1.83964478 -0.06388805 -1.11663943 -0.3575642 ]
 [-0.26787404 -0.43737254  1.46491961  0.28483227]]
隐变量k: 2
U: 0.116370898733
u对应变化位置:
电影i: 6
隐变量k: 2
u [[ 0.76030243  0.40366075  0.14392593]
 [ 0.61944351  0.97355437  0.82475407]
 [ 0.45579064  0.56928335  0.65915313]
 [ 0.66393968  0.10899649  0.34439265]
 [ 0.29637203  0.19664545  0.98012837]
 [ 0.35810777  0.1163709   0.45435561]]
V -0.350370255726
v对应变化位置:
用户j: 4
隐变量k: 2
v [[ 1.36708944  0.32146987  0.65739282 -0.89248297]
 [ 1.83964478 -0.06388805 -1.11663943 -0.35037026]
 [-0.26787404 -0.43737254  1.46491961  0.28483227]]
隐变量k: 3
U: 0.469379350628
u对应变化位置:
电影i: 6
隐变量k: 3
u [[ 0.76030243  0.40366075  0.14392593]
 [ 0.61944351  0.97355437  0.82475407]
 [ 0.45579064  0.56928335  0.65915313]
 [ 0.66393968  0.10899649  0.34439265]
 [ 0.29637203  0.19664545  0.98012837]
 [ 0.35810777  0.1163709   0.46937935]]
V 0.30884167919
v对应变化位置:
用户j: 4
隐变量k: 3
v [[ 1.36708944  0.32146987  0.65739282 -0.89248297]
 [ 1.83964478 -0.06388805 -1.11663943 -0.35037026]
 [-0.26787404 -0.43737254  1.46491961  0.30884168]]
迭代一次完成: [[ 0.76030243  0.40366075  0.14392593]
 [ 0.61944351  0.97355437  0.82475407]
 [ 0.45579064  0.56928335  0.65915313]
 [ 0.66393968  0.10899649  0.34439265]
 [ 0.29637203  0.19664545  0.98012837]
 [ 0.35810777  0.1163709   0.46937935]] [[ 1.36708944  0.32146987  0.65739282 -0.89248297]
 [ 1.83964478 -0.06388805 -1.11663943 -0.35037026]
 [-0.26787404 -0.43737254  1.46491961  0.30884168]]
*********************迭代:*********************************** 2
-----------------电影i:-------------------------------- 1
+++++++++++++用户j:++++++++++++++ 1
math.fabs(a[i][j]) > 1e-4 5.0
隐变量k: 1
U: 0.804746490305
u对应变化位置:
电影i: 1
隐变量k: 1
u [[ 0.80474649  0.40366075  0.14392593]
 [ 0.61944351  0.97355437  0.82475407]
 [ 0.45579064  0.56928335  0.65915313]
 [ 0.66393968  0.10899649  0.34439265]
 [ 0.29637203  0.19664545  0.98012837]
 [ 0.35810777  0.1163709   0.46937935]]
V 1.39171244105
v对应变化位置:
用户j: 1
隐变量k: 1
v [[ 1.39171244  0.32146987  0.65739282 -0.89248297]
 [ 1.83964478 -0.06388805 -1.11663943 -0.35037026]
 [-0.26787404 -0.43737254  1.46491961  0.30884168]]
隐变量k: 2
U: 0.463529525862
u对应变化位置:
电影i: 1
隐变量k: 2
u [[ 0.80474649  0.46352953  0.14392593]
 [ 0.61944351  0.97355437  0.82475407]
 [ 0.45579064  0.56928335  0.65915313]
 [ 0.66393968  0.10899649  0.34439265]
 [ 0.29637203  0.19664545  0.98012837]
 [ 0.35810777  0.1163709   0.46937935]]
V 1.85260627106
v对应变化位置:
用户j: 1
隐变量k: 2
v [[ 1.39171244  0.32146987  0.65739282 -0.89248297]
 [ 1.85260627 -0.06388805 -1.11663943 -0.35037026]
 [-0.26787404 -0.43737254  1.46491961  0.30884168]]
隐变量k: 3
U: 0.135188060879
u对应变化位置:
电影i: 1
隐变量k: 3
u [[ 0.80474649  0.46352953  0.13518806]
 [ 0.61944351  0.97355437  0.82475407]
 [ 0.45579064  0.56928335  0.65915313]
 [ 0.66393968  0.10899649  0.34439265]
 [ 0.29637203  0.19664545  0.98012837]
 [ 0.35810777  0.1163709   0.46937935]]
V -0.263160215869
v对应变化位置:
用户j: 1
隐变量k: 3
v [[ 1.39171244  0.32146987  0.65739282 -0.89248297]
 [ 1.85260627 -0.06388805 -1.11663943 -0.35037026]
 [-0.26316022 -0.43737254  1.46491961  0.30884168]]
+++++++++++++用户j:++++++++++++++ 2
math.fabs(a[i][j]) > 1e-4 5.0
隐变量k: 1
U: 0.82019313823
u对应变化位置:
电影i: 1
隐变量k: 1
u [[ 0.82019314  0.46352953  0.13518806]
 [ 0.61944351  0.97355437  0.82475407]
 [ 0.45579064  0.56928335  0.65915313]
 [ 0.66393968  0.10899649  0.34439265]
 [ 0.29637203  0.19664545  0.98012837]
 [ 0.35810777  0.1163709   0.46937935]]
V 0.360307297105
v对应变化位置:
用户j: 2
隐变量k: 1
v [[ 1.39171244  0.3603073   0.65739282 -0.89248297]
 [ 1.85260627 -0.06388805 -1.11663943 -0.35037026]
 [-0.26316022 -0.43737254  1.46491961  0.30884168]]
隐变量k: 2
U: 0.46039735458
u对应变化位置:
电影i: 1
隐变量k: 2
u [[ 0.82019314  0.46039735  0.13518806]
 [ 0.61944351  0.97355437  0.82475407]
 [ 0.45579064  0.56928335  0.65915313]
 [ 0.66393968  0.10899649  0.34439265]
 [ 0.29637203  0.19664545  0.98012837]
 [ 0.35810777  0.1163709   0.46937935]]
V -0.0414930024881
v对应变化位置:
用户j: 2
隐变量k: 2
v [[ 1.39171244  0.3603073   0.65739282 -0.89248297]
 [ 1.85260627 -0.041493   -1.11663943 -0.35037026]
 [-0.26316022 -0.43737254  1.46491961  0.30884168]]
隐变量k: 3
U: 0.114049274123
u对应变化位置:
电影i: 1
隐变量k: 3
u [[ 0.82019314  0.46039735  0.11404927]
 [ 0.61944351  0.97355437  0.82475407]
 [ 0.45579064  0.56928335  0.65915313]
 [ 0.66393968  0.10899649  0.34439265]
 [ 0.29637203  0.19664545  0.98012837]
 [ 0.35810777  0.1163709   0.46937935]]
V -0.430799169943
v对应变化位置:
用户j: 2
隐变量k: 3
v [[ 1.39171244  0.3603073   0.65739282 -0.89248297]
 [ 1.85260627 -0.041493   -1.11663943 -0.35037026]
 [-0.26316022 -0.43079917  1.46491961  0.30884168]]
+++++++++++++用户j:++++++++++++++ 3
+++++++++++++用户j:++++++++++++++ 4
math.fabs(a[i][j]) > 1e-4 5.0
隐变量k: 1
U: 0.767828620886
u对应变化位置:
电影i: 1
隐变量k: 1
u [[ 0.76782862  0.46039735  0.11404927]
 [ 0.61944351  0.97355437  0.82475407]
 [ 0.45579064  0.56928335  0.65915313]
 [ 0.66393968  0.10899649  0.34439265]
 [ 0.29637203  0.19664545  0.98012837]
 [ 0.35810777  0.1163709   0.46937935]]
V -0.844346026906
v对应变化位置:
用户j: 4
隐变量k: 1
v [[ 1.39171244  0.3603073   0.65739282 -0.84434603]
 [ 1.85260627 -0.041493   -1.11663943 -0.35037026]
 [-0.26316022 -0.43079917  1.46491961  0.30884168]]
隐变量k: 2
U: 0.439826293202
u对应变化位置:
电影i: 1
隐变量k: 2
u [[ 0.76782862  0.43982629  0.11404927]
 [ 0.61944351  0.97355437  0.82475407]
 [ 0.45579064  0.56928335  0.65915313]
 [ 0.66393968  0.10899649  0.34439265]
 [ 0.29637203  0.19664545  0.98012837]
 [ 0.35810777  0.1163709   0.46937935]]
V -0.323364705329
v对应变化位置:
用户j: 4
隐变量k: 2
v [[ 1.39171244  0.3603073   0.65739282 -0.84434603]
 [ 1.85260627 -0.041493   -1.11663943 -0.32336471]
 [-0.26316022 -0.43079917  1.46491961  0.30884168]]
隐变量k: 3
U: 0.132130107467
u对应变化位置:
电影i: 1
隐变量k: 3
u [[ 0.76782862  0.43982629  0.13213011]
 [ 0.61944351  0.97355437  0.82475407]
 [ 0.45579064  0.56928335  0.65915313]
 [ 0.66393968  0.10899649  0.34439265]
 [ 0.29637203  0.19664545  0.98012837]
 [ 0.35810777  0.1163709   0.46937935]]
V 0.31549190959
v对应变化位置:
用户j: 4
隐变量k: 3
v [[ 1.39171244  0.3603073   0.65739282 -0.84434603]
 [ 1.85260627 -0.041493   -1.11663943 -0.32336471]
 [-0.26316022 -0.43079917  1.46491961  0.31549191]]
-----------------电影i:-------------------------------- 2
+++++++++++++用户j:++++++++++++++ 1
math.fabs(a[i][j]) > 1e-4 5.0
隐变量k: 1
U: 0.654888918092
u对应变化位置:
电影i: 2
隐变量k: 1
u [[ 0.76782862  0.43982629  0.13213011]
 [ 0.65488892  0.97355437  0.82475407]
 [ 0.45579064  0.56928335  0.65915313]
 [ 0.66393968  0.10899649  0.34439265]
 [ 0.29637203  0.19664545  0.98012837]
 [ 0.35810777  0.1163709   0.46937935]]
V 1.4073773941
v对应变化位置:
用户j: 1
隐变量k: 1
v [[ 1.40737739  0.3603073   0.65739282 -0.84434603]
 [ 1.85260627 -0.041493   -1.11663943 -0.32336471]
 [-0.26316022 -0.43079917  1.46491961  0.31549191]]
隐变量k: 2
U: 1.02072334287
u对应变化位置:
电影i: 2
隐变量k: 2
u [[ 0.76782862  0.43982629  0.13213011]
 [ 0.65488892  1.02072334  0.82475407]
 [ 0.45579064  0.56928335  0.65915313]
 [ 0.66393968  0.10899649  0.34439265]
 [ 0.29637203  0.19664545  0.98012837]
 [ 0.35810777  0.1163709   0.46937935]]
V 1.87725971473
v对应变化位置:
用户j: 1
隐变量k: 2
v [[ 1.40737739  0.3603073   0.65739282 -0.84434603]
 [ 1.87725971 -0.041493   -1.11663943 -0.32336471]
 [-0.26316022 -0.43079917  1.46491961  0.31549191]]
隐变量k: 3
U: 0.817957480857
u对应变化位置:
电影i: 2
隐变量k: 3
u [[ 0.76782862  0.43982629  0.13213011]
 [ 0.65488892  1.02072334  0.81795748]
 [ 0.45579064  0.56928335  0.65915313]
 [ 0.66393968  0.10899649  0.34439265]
 [ 0.29637203  0.19664545  0.98012837]
 [ 0.35810777  0.1163709   0.46937935]]
V -0.242091600439
v对应变化位置:
用户j: 1
隐变量k: 3
v [[ 1.40737739  0.3603073   0.65739282 -0.84434603]
 [ 1.87725971 -0.041493   -1.11663943 -0.32336471]
 [-0.2420916  -0.43079917  1.46491961  0.31549191]]
+++++++++++++用户j:++++++++++++++ 2
+++++++++++++用户j:++++++++++++++ 3
math.fabs(a[i][j]) > 1e-4 3.0
隐变量k: 1
U: 0.671330685845
u对应变化位置:
电影i: 2
隐变量k: 1
u [[ 0.76782862  0.43982629  0.13213011]
 [ 0.67133069  1.02072334  0.81795748]
 [ 0.45579064  0.56928335  0.65915313]
 [ 0.66393968  0.10899649  0.34439265]
 [ 0.29637203  0.19664545  0.98012837]
 [ 0.35810777  0.1163709   0.46937935]]
V 0.673771459828
v对应变化位置:
用户j: 3
隐变量k: 1
v [[ 1.40737739  0.3603073   0.67377146 -0.84434603]
 [ 1.87725971 -0.041493   -1.11663943 -0.32336471]
 [-0.2420916  -0.43079917  1.46491961  0.31549191]]
隐变量k: 2
U: 0.992582245327
u对应变化位置:
电影i: 2
隐变量k: 2
u [[ 0.76782862  0.43982629  0.13213011]
 [ 0.67133069  0.99258225  0.81795748]
 [ 0.45579064  0.56928335  0.65915313]
 [ 0.66393968  0.10899649  0.34439265]
 [ 0.29637203  0.19664545  0.98012837]
 [ 0.35810777  0.1163709   0.46937935]]
V -1.09089721681
v对应变化位置:
用户j: 3
隐变量k: 2
v [[ 1.40737739  0.3603073   0.67377146 -0.84434603]
 [ 1.87725971 -0.041493   -1.09089722 -0.32336471]
 [-0.2420916  -0.43079917  1.46491961  0.31549191]]
隐变量k: 3
U: 0.854660090595
u对应变化位置:
电影i: 2
隐变量k: 3
u [[ 0.76782862  0.43982629  0.13213011]
 [ 0.67133069  0.99258225  0.85466009]
 [ 0.45579064  0.56928335  0.65915313]
 [ 0.66393968  0.10899649  0.34439265]
 [ 0.29637203  0.19664545  0.98012837]
 [ 0.35810777  0.1163709   0.46937935]]
V 1.48531217951
v对应变化位置:
用户j: 3
隐变量k: 3
v [[ 1.40737739  0.3603073   0.67377146 -0.84434603]
 [ 1.87725971 -0.041493   -1.09089722 -0.32336471]
 [-0.2420916  -0.43079917  1.48531218  0.31549191]]
+++++++++++++用户j:++++++++++++++ 4
math.fabs(a[i][j]) > 1e-4 4.0
隐变量k: 1
U: 0.632270275968
u对应变化位置:
电影i: 2
隐变量k: 1
u [[ 0.76782862  0.43982629  0.13213011]
 [ 0.63227028  0.99258225  0.85466009]
 [ 0.45579064  0.56928335  0.65915313]
 [ 0.66393968  0.10899649  0.34439265]
 [ 0.29637203  0.19664545  0.98012837]
 [ 0.35810777  0.1163709   0.46937935]]
V -0.813258446166
v对应变化位置:
用户j: 4
隐变量k: 1
v [[ 1.40737739  0.3603073   0.67377146 -0.81325845]
 [ 1.87725971 -0.041493   -1.09089722 -0.32336471]
 [-0.2420916  -0.43079917  1.48531218  0.31549191]]
隐变量k: 2
U: 0.977549477542
u对应变化位置:
电影i: 2
隐变量k: 2
u [[ 0.76782862  0.43982629  0.13213011]
 [ 0.63227028  0.97754948  0.85466009]
 [ 0.45579064  0.56928335  0.65915313]
 [ 0.66393968  0.10899649  0.34439265]
 [ 0.29637203  0.19664545  0.98012837]
 [ 0.35810777  0.1163709   0.46937935]]
V -0.277493301683
v对应变化位置:
用户j: 4
隐变量k: 2
v [[ 1.40737739  0.3603073   0.67377146 -0.81325845]
 [ 1.87725971 -0.041493   -1.09089722 -0.2774933 ]
 [-0.2420916  -0.43079917  1.48531218  0.31549191]]
隐变量k: 3
U: 0.869144555597
u对应变化位置:
电影i: 2
隐变量k: 3
u [[ 0.76782862  0.43982629  0.13213011]
 [ 0.63227028  0.97754948  0.86914456]
 [ 0.45579064  0.56928335  0.65915313]
 [ 0.66393968  0.10899649  0.34439265]
 [ 0.29637203  0.19664545  0.98012837]
 [ 0.35810777  0.1163709   0.46937935]]
V 0.354929957492
v对应变化位置:
用户j: 4
隐变量k: 3
v [[ 1.40737739  0.3603073   0.67377146 -0.81325845]
 [ 1.87725971 -0.041493   -1.09089722 -0.2774933 ]
 [-0.2420916  -0.43079917  1.48531218  0.35492996]]
-----------------电影i:-------------------------------- 3
+++++++++++++用户j:++++++++++++++ 1
math.fabs(a[i][j]) > 1e-4 3.0
隐变量k: 1
U: 0.476143779521
u对应变化位置:
电影i: 3
隐变量k: 1
u [[ 0.76782862  0.43982629  0.13213011]
 [ 0.63227028  0.97754948  0.86914456]
 [ 0.47614378  0.56928335  0.65915313]
 [ 0.66393968  0.10899649  0.34439265]
 [ 0.29637203  0.19664545  0.98012837]
 [ 0.35810777  0.1163709   0.46937935]]
V 1.41384294648
v对应变化位置:
用户j: 1
隐变量k: 1
v [[ 1.41384295  0.3603073   0.67377146 -0.81325845]
 [ 1.87725971 -0.041493   -1.09089722 -0.2774933 ]
 [-0.2420916  -0.43079917  1.48531218  0.35492996]]
隐变量k: 2
U: 0.596435677181
u对应变化位置:
电影i: 3
隐变量k: 2
u [[ 0.76782862  0.43982629  0.13213011]
 [ 0.63227028  0.97754948  0.86914456]
 [ 0.47614378  0.59643568  0.65915313]
 [ 0.66393968  0.10899649  0.34439265]
 [ 0.29637203  0.19664545  0.98012837]
 [ 0.35810777  0.1163709   0.46937935]]
V 1.8853232573
v对应变化位置:
用户j: 1
隐变量k: 2
v [[ 1.41384295  0.3603073   0.67377146 -0.81325845]
 [ 1.88532326 -0.041493   -1.09089722 -0.2774933 ]
 [-0.2420916  -0.43079917  1.48531218  0.35492996]]
隐变量k: 3
U: 0.655578306477
u对应变化位置:
电影i: 3
隐变量k: 3
u [[ 0.76782862  0.43982629  0.13213011]
 [ 0.63227028  0.97754948  0.86914456]
 [ 0.47614378  0.59643568  0.65557831]
 [ 0.66393968  0.10899649  0.34439265]
 [ 0.29637203  0.19664545  0.98012837]
 [ 0.35810777  0.1163709   0.46937935]]
V -0.232513538275
v对应变化位置:
用户j: 1
隐变量k: 3
v [[ 1.41384295  0.3603073   0.67377146 -0.81325845]
 [ 1.88532326 -0.041493   -1.09089722 -0.2774933 ]
 [-0.23251354 -0.43079917  1.48531218  0.35492996]]
+++++++++++++用户j:++++++++++++++ 2
math.fabs(a[i][j]) > 1e-4 4.0
隐变量k: 1
U: 0.490997078469
u对应变化位置:
电影i: 3
隐变量k: 1
u [[ 0.76782862  0.43982629  0.13213011]
 [ 0.63227028  0.97754948  0.86914456]
 [ 0.49099708  0.59643568  0.65557831]
 [ 0.66393968  0.10899649  0.34439265]
 [ 0.29637203  0.19664545  0.98012837]
 [ 0.35810777  0.1163709   0.46937935]]
V 0.379962727654
v对应变化位置:
用户j: 2
隐变量k: 1
v [[ 1.41384295  0.37996273  0.67377146 -0.81325845]
 [ 1.88532326 -0.041493   -1.09089722 -0.2774933 ]
 [-0.23251354 -0.43079917  1.48531218  0.35492996]]
隐变量k: 2
U: 0.59466004385
u对应变化位置:
电影i: 3
隐变量k: 2
u [[ 0.76782862  0.43982629  0.13213011]
 [ 0.63227028  0.97754948  0.86914456]
 [ 0.49099708  0.59466004  0.65557831]
 [ 0.66393968  0.10899649  0.34439265]
 [ 0.29637203  0.19664545  0.98012837]
 [ 0.35810777  0.1163709   0.46937935]]
V -0.0168225852506
v对应变化位置:
用户j: 2
隐变量k: 2
v [[ 1.41384295  0.37996273  0.67377146 -0.81325845]
 [ 1.88532326 -0.01682259 -1.09089722 -0.2774933 ]
 [-0.23251354 -0.43079917  1.48531218  0.35492996]]
隐变量k: 3
U: 0.637696564673
u对应变化位置:
电影i: 3
隐变量k: 3
u [[ 0.76782862  0.43982629  0.13213011]
 [ 0.63227028  0.97754948  0.86914456]
 [ 0.49099708  0.59466004  0.63769656]
 [ 0.66393968  0.10899649  0.34439265]
 [ 0.29637203  0.19664545  0.98012837]
 [ 0.35810777  0.1163709   0.46937935]]
V -0.403643912167
v对应变化位置:
用户j: 2
隐变量k: 3
v [[ 1.41384295  0.37996273  0.67377146 -0.81325845]
 [ 1.88532326 -0.01682259 -1.09089722 -0.2774933 ]
 [-0.23251354 -0.40364391  1.48531218  0.35492996]]
+++++++++++++用户j:++++++++++++++ 3
+++++++++++++用户j:++++++++++++++ 4
math.fabs(a[i][j]) > 1e-4 3.0
隐变量k: 1
U: 0.463801541254
u对应变化位置:
电影i: 3
隐变量k: 1
u [[ 0.76782862  0.43982629  0.13213011]
 [ 0.63227028  0.97754948  0.86914456]
 [ 0.46380154  0.59466004  0.63769656]
 [ 0.66393968  0.10899649  0.34439265]
 [ 0.29637203  0.19664545  0.98012837]
 [ 0.35810777  0.1163709   0.46937935]]
V -0.796787715982
v对应变化位置:
用户j: 4
隐变量k: 1
v [[ 1.41384295  0.37996273  0.67377146 -0.79678772]
 [ 1.88532326 -0.01682259 -1.09089722 -0.2774933 ]
 [-0.23251354 -0.40364391  1.48531218  0.35492996]]
隐变量k: 2
U: 0.585337895597
u对应变化位置:
电影i: 3
隐变量k: 2
u [[ 0.76782862  0.43982629  0.13213011]
 [ 0.63227028  0.97754948  0.86914456]
 [ 0.46380154  0.5853379   0.63769656]
 [ 0.66393968  0.10899649  0.34439265]
 [ 0.29637203  0.19664545  0.98012837]
 [ 0.35810777  0.1163709   0.46937935]]
V -0.257615894727
v对应变化位置:
用户j: 4
隐变量k: 2
v [[ 1.41384295  0.37996273  0.67377146 -0.79678772]
 [ 1.88532326 -0.01682259 -1.09089722 -0.25761589]
 [-0.23251354 -0.40364391  1.48531218  0.35492996]]
隐变量k: 3
U: 0.649480300512
u对应变化位置:
电影i: 3
隐变量k: 3
u [[ 0.76782862  0.43982629  0.13213011]
 [ 0.63227028  0.97754948  0.86914456]
 [ 0.46380154  0.5853379   0.6494803 ]
 [ 0.66393968  0.10899649  0.34439265]
 [ 0.29637203  0.19664545  0.98012837]
 [ 0.35810777  0.1163709   0.46937935]]
V 0.376180674339
v对应变化位置:
用户j: 4
隐变量k: 3
v [[ 1.41384295  0.37996273  0.67377146 -0.79678772]
 [ 1.88532326 -0.01682259 -1.09089722 -0.25761589]
 [-0.23251354 -0.40364391  1.48531218  0.37618067]]
-----------------电影i:-------------------------------- 4
+++++++++++++用户j:++++++++++++++ 1
+++++++++++++用户j:++++++++++++++ 2
+++++++++++++用户j:++++++++++++++ 3
math.fabs(a[i][j]) > 1e-4 5.0
隐变量k: 1
U: 0.691902379562
u对应变化位置:
电影i: 4
隐变量k: 1
u [[ 0.76782862  0.43982629  0.13213011]
 [ 0.63227028  0.97754948  0.86914456]
 [ 0.46380154  0.5853379   0.6494803 ]
 [ 0.69190238  0.10899649  0.34439265]
 [ 0.29637203  0.19664545  0.98012837]
 [ 0.35810777  0.1163709   0.46937935]]
V 0.701324170923
v对应变化位置:
用户j: 3
隐变量k: 1
v [[ 1.41384295  0.37996273  0.70132417 -0.79678772]
 [ 1.88532326 -0.01682259 -1.09089722 -0.25761589]
 [-0.23251354 -0.40364391  1.48531218  0.37618067]]
隐变量k: 2
U: 0.0636039379772
u对应变化位置:
电影i: 4
隐变量k: 2
u [[ 0.76782862  0.43982629  0.13213011]
 [ 0.63227028  0.97754948  0.86914456]
 [ 0.46380154  0.5853379   0.6494803 ]
 [ 0.69190238  0.06360394  0.34439265]
 [ 0.29637203  0.19664545  0.98012837]
 [ 0.35810777  0.1163709   0.46937935]]
V -1.08625384083
v对应变化位置:
用户j: 3
隐变量k: 2
v [[ 1.41384295  0.37996273  0.70132417 -0.79678772]
 [ 1.88532326 -0.01682259 -1.08625384 -0.25761589]
 [-0.23251354 -0.40364391  1.48531218  0.37618067]]
隐变量k: 3
U: 0.406147643239
u对应变化位置:
电影i: 4
隐变量k: 3
u [[ 0.76782862  0.43982629  0.13213011]
 [ 0.63227028  0.97754948  0.86914456]
 [ 0.46380154  0.5853379   0.6494803 ]
 [ 0.69190238  0.06360394  0.40614764]
 [ 0.29637203  0.19664545  0.98012837]
 [ 0.35810777  0.1163709   0.46937935]]
V 1.49949048516
v对应变化位置:
用户j: 3
隐变量k: 3
v [[ 1.41384295  0.37996273  0.70132417 -0.79678772]
 [ 1.88532326 -0.01682259 -1.08625384 -0.25761589]
 [-0.23251354 -0.40364391  1.49949049  0.37618067]]
+++++++++++++用户j:++++++++++++++ 4
math.fabs(a[i][j]) > 1e-4 3.0
隐变量k: 1
U: 0.664623687142
u对应变化位置:
电影i: 4
隐变量k: 1
u [[ 0.76782862  0.43982629  0.13213011]
 [ 0.63227028  0.97754948  0.86914456]
 [ 0.46380154  0.5853379   0.6494803 ]
 [ 0.66462369  0.06360394  0.40614764]
 [ 0.29637203  0.19664545  0.98012837]
 [ 0.35810777  0.1163709   0.46937935]]
V -0.773080264181
v对应变化位置:
用户j: 4
隐变量k: 1
v [[ 1.41384295  0.37996273  0.70132417 -0.77308026]
 [ 1.88532326 -0.01682259 -1.08625384 -0.25761589]
 [-0.23251354 -0.40364391  1.49949049  0.37618067]]
隐变量k: 2
U: 0.0548002528896
u对应变化位置:
电影i: 4
隐变量k: 2
u [[ 0.76782862  0.43982629  0.13213011]
 [ 0.63227028  0.97754948  0.86914456]
 [ 0.46380154  0.5853379   0.6494803 ]
 [ 0.66462369  0.05480025  0.40614764]
 [ 0.29637203  0.19664545  0.98012837]
 [ 0.35810777  0.1163709   0.46937935]]
V -0.255418122381
v对应变化位置:
用户j: 4
隐变量k: 2
v [[ 1.41384295  0.37996273  0.70132417 -0.77308026]
 [ 1.88532326 -0.01682259 -1.08625384 -0.25541812]
 [-0.23251354 -0.40364391  1.49949049  0.37618067]]
隐变量k: 3
U: 0.418953221599
u对应变化位置:
电影i: 4
隐变量k: 3
u [[ 0.76782862  0.43982629  0.13213011]
 [ 0.63227028  0.97754948  0.86914456]
 [ 0.46380154  0.5853379   0.6494803 ]
 [ 0.66462369  0.05480025  0.41895322]
 [ 0.29637203  0.19664545  0.98012837]
 [ 0.35810777  0.1163709   0.46937935]]
V 0.39001259136
v对应变化位置:
用户j: 4
隐变量k: 3
v [[ 1.41384295  0.37996273  0.70132417 -0.77308026]
 [ 1.88532326 -0.01682259 -1.08625384 -0.25541812]
 [-0.23251354 -0.40364391  1.49949049  0.39001259]]
-----------------电影i:-------------------------------- 5
+++++++++++++用户j:++++++++++++++ 1
math.fabs(a[i][j]) > 1e-4 5.0
隐变量k: 1
U: 0.359090573748
u对应变化位置:
电影i: 5
隐变量k: 1
u [[ 0.76782862  0.43982629  0.13213011]
 [ 0.63227028  0.97754948  0.86914456]
 [ 0.46380154  0.5853379   0.6494803 ]
 [ 0.66462369  0.05480025  0.41895322]
 [ 0.35909057  0.19664545  0.98012837]
 [ 0.35810777  0.1163709   0.46937935]]
V 1.42685493638
v对应变化位置:
用户j: 1
隐变量k: 1
v [[ 1.42685494  0.37996273  0.70132417 -0.77308026]
 [ 1.88532326 -0.01682259 -1.08625384 -0.25541812]
 [-0.23251354 -0.40364391  1.49949049  0.39001259]]
隐变量k: 2
U: 0.280298870998
u对应变化位置:
电影i: 5
隐变量k: 2
u [[ 0.76782862  0.43982629  0.13213011]
 [ 0.63227028  0.97754948  0.86914456]
 [ 0.46380154  0.5853379   0.6494803 ]
 [ 0.66462369  0.05480025  0.41895322]
 [ 0.35909057  0.28029887  0.98012837]
 [ 0.35810777  0.1163709   0.46937935]]
V 1.89386210446
v对应变化位置:
用户j: 1
隐变量k: 2
v [[ 1.42685494  0.37996273  0.70132417 -0.77308026]
 [ 1.8938621  -0.01682259 -1.08625384 -0.25541812]
 [-0.23251354 -0.40364391  1.49949049  0.39001259]]
隐变量k: 3
U: 0.969711108735
u对应变化位置:
电影i: 5
隐变量k: 3
u [[ 0.76782862  0.43982629  0.13213011]
 [ 0.63227028  0.97754948  0.86914456]
 [ 0.46380154  0.5853379   0.6494803 ]
 [ 0.66462369  0.05480025  0.41895322]
 [ 0.35909057  0.28029887  0.96971111]
 [ 0.35810777  0.1163709   0.46937935]]
V -0.188990921745
v对应变化位置:
用户j: 1
隐变量k: 3
v [[ 1.42685494  0.37996273  0.70132417 -0.77308026]
 [ 1.8938621  -0.01682259 -1.08625384 -0.25541812]
 [-0.18899092 -0.40364391  1.49949049  0.39001259]]
+++++++++++++用户j:++++++++++++++ 2
math.fabs(a[i][j]) > 1e-4 4.0
隐变量k: 1
U: 0.375239907756
u对应变化位置:
电影i: 5
隐变量k: 1
u [[ 0.76782862  0.43982629  0.13213011]
 [ 0.63227028  0.97754948  0.86914456]
 [ 0.46380154  0.5853379   0.6494803 ]
 [ 0.66462369  0.05480025  0.41895322]
 [ 0.37523991  0.28029887  0.96971111]
 [ 0.35810777  0.1163709   0.46937935]]
V 0.395220884913
v对应变化位置:
用户j: 2
隐变量k: 1
v [[ 1.42685494  0.39522088  0.70132417 -0.77308026]
 [ 1.8938621  -0.01682259 -1.08625384 -0.25541812]
 [-0.18899092 -0.40364391  1.49949049  0.39001259]]
隐变量k: 2
U: 0.279554250742
u对应变化位置:
电影i: 5
隐变量k: 2
u [[ 0.76782862  0.43982629  0.13213011]
 [ 0.63227028  0.97754948  0.86914456]
 [ 0.46380154  0.5853379   0.6494803 ]
 [ 0.66462369  0.05480025  0.41895322]
 [ 0.37523991  0.27955425  0.96971111]
 [ 0.35810777  0.1163709   0.46937935]]
V -0.00488103355766
v对应变化位置:
用户j: 2
隐变量k: 2
v [[ 1.42685494  0.39522088  0.70132417 -0.77308026]
 [ 1.8938621  -0.00488103 -1.08625384 -0.25541812]
 [-0.18899092 -0.40364391  1.49949049  0.39001259]]
隐变量k: 3
U: 0.952420148965
u对应变化位置:
电影i: 5
隐变量k: 3
u [[ 0.76782862  0.43982629  0.13213011]
 [ 0.63227028  0.97754948  0.86914456]
 [ 0.46380154  0.5853379   0.6494803 ]
 [ 0.66462369  0.05480025  0.41895322]
 [ 0.37523991  0.27955425  0.95242015]
 [ 0.35810777  0.1163709   0.46937935]]
V -0.362296838312
v对应变化位置:
用户j: 2
隐变量k: 3
v [[ 1.42685494  0.39522088  0.70132417 -0.77308026]
 [ 1.8938621  -0.00488103 -1.08625384 -0.25541812]
 [-0.18899092 -0.36229684  1.49949049  0.39001259]]
+++++++++++++用户j:++++++++++++++ 3
math.fabs(a[i][j]) > 1e-4 4.0
隐变量k: 1
U: 0.39352347561
u对应变化位置:
电影i: 5
隐变量k: 1
u [[ 0.76782862  0.43982629  0.13213011]
 [ 0.63227028  0.97754948  0.86914456]
 [ 0.46380154  0.5853379   0.6494803 ]
 [ 0.66462369  0.05480025  0.41895322]
 [ 0.39352348  0.27955425  0.95242015]
 [ 0.35810777  0.1163709   0.46937935]]
V 0.711056644917
v对应变化位置:
用户j: 3
隐变量k: 1
v [[ 1.42685494  0.39522088  0.71105664 -0.77308026]
 [ 1.8938621  -0.00488103 -1.08625384 -0.25541812]
 [-0.18899092 -0.36229684  1.49949049  0.39001259]]
隐变量k: 2
U: 0.251149465872
u对应变化位置:
电影i: 5
隐变量k: 2
u [[ 0.76782862  0.43982629  0.13213011]
 [ 0.63227028  0.97754948  0.86914456]
 [ 0.46380154  0.5853379   0.6494803 ]
 [ 0.66462369  0.05480025  0.41895322]
 [ 0.39352348  0.25114947  0.95242015]
 [ 0.35810777  0.1163709   0.46937935]]
V -1.0788422601
v对应变化位置:
用户j: 3
隐变量k: 2
v [[ 1.42685494  0.39522088  0.71105664 -0.77308026]
 [ 1.8938621  -0.00488103 -1.07884226 -0.25541812]
 [-0.18899092 -0.36229684  1.49949049  0.39001259]]
隐变量k: 3
U: 0.991496953255
u对应变化位置:
电影i: 5
隐变量k: 3
u [[ 0.76782862  0.43982629  0.13213011]
 [ 0.63227028  0.97754948  0.86914456]
 [ 0.46380154  0.5853379   0.6494803 ]
 [ 0.66462369  0.05480025  0.41895322]
 [ 0.39352348  0.25114947  0.99149695]
 [ 0.35810777  0.1163709   0.46937935]]
V 1.5242211516
v对应变化位置:
用户j: 3
隐变量k: 3
v [[ 1.42685494  0.39522088  0.71105664 -0.77308026]
 [ 1.8938621  -0.00488103 -1.07884226 -0.25541812]
 [-0.18899092 -0.36229684  1.52422115  0.39001259]]
+++++++++++++用户j:++++++++++++++ 4
math.fabs(a[i][j]) > 1e-4 5.0
隐变量k: 1
U: 0.354971761075
u对应变化位置:
电影i: 5
隐变量k: 1
u [[ 0.76782862  0.43982629  0.13213011]
 [ 0.63227028  0.97754948  0.86914456]
 [ 0.46380154  0.5853379   0.6494803 ]
 [ 0.66462369  0.05480025  0.41895322]
 [ 0.35497176  0.25114947  0.99149695]
 [ 0.35810777  0.1163709   0.46937935]]
V -0.753398887439
v对应变化位置:
用户j: 4
隐变量k: 1
v [[ 1.42685494  0.39522088  0.71105664 -0.75339889]
 [ 1.8938621  -0.00488103 -1.07884226 -0.25541812]
 [-0.18899092 -0.36229684  1.52422115  0.39001259]]
隐变量k: 2
U: 0.238400244912
u对应变化位置:
电影i: 5
隐变量k: 2
u [[ 0.76782862  0.43982629  0.13213011]
 [ 0.63227028  0.97754948  0.86914456]
 [ 0.46380154  0.5853379   0.6494803 ]
 [ 0.66462369  0.05480025  0.41895322]
 [ 0.35497176  0.23840024  0.99149695]
 [ 0.35810777  0.1163709   0.46937935]]
V -0.242881125238
v对应变化位置:
用户j: 4
隐变量k: 2
v [[ 1.42685494  0.39522088  0.71105664 -0.75339889]
 [ 1.8938621  -0.00488103 -1.07884226 -0.24288113]
 [-0.18899092 -0.36229684  1.52422115  0.39001259]]
隐变量k: 3
U: 1.01082697136
u对应变化位置:
电影i: 5
隐变量k: 3
u [[ 0.76782862  0.43982629  0.13213011]
 [ 0.63227028  0.97754948  0.86914456]
 [ 0.46380154  0.5853379   0.6494803 ]
 [ 0.66462369  0.05480025  0.41895322]
 [ 0.35497176  0.23840024  1.01082697]
 [ 0.35810777  0.1163709   0.46937935]]
V 0.439366766385
v对应变化位置:
用户j: 4
隐变量k: 3
v [[ 1.42685494  0.39522088  0.71105664 -0.75339889]
 [ 1.8938621  -0.00488103 -1.07884226 -0.24288113]
 [-0.18899092 -0.36229684  1.52422115  0.43936677]]
-----------------电影i:-------------------------------- 6
+++++++++++++用户j:++++++++++++++ 1
math.fabs(a[i][j]) > 1e-4 5.0
隐变量k: 1
U: 0.420245028036
u对应变化位置:
电影i: 6
隐变量k: 1
u [[ 0.76782862  0.43982629  0.13213011]
 [ 0.63227028  0.97754948  0.86914456]
 [ 0.46380154  0.5853379   0.6494803 ]
 [ 0.66462369  0.05480025  0.41895322]
 [ 0.35497176  0.23840024  1.01082697]
 [ 0.42024503  0.1163709   0.46937935]]
V 1.44231626049
v对应变化位置:
用户j: 1
隐变量k: 1
v [[ 1.44231626  0.39522088  0.71105664 -0.75339889]
 [ 1.8938621  -0.00488103 -1.07884226 -0.24288113]
 [-0.18899092 -0.36229684  1.52422115  0.43936677]]
隐变量k: 2
U: 0.198881465031
u对应变化位置:
电影i: 6
隐变量k: 2
u [[ 0.76782862  0.43982629  0.13213011]
 [ 0.63227028  0.97754948  0.86914456]
 [ 0.46380154  0.5853379   0.6494803 ]
 [ 0.66462369  0.05480025  0.41895322]
 [ 0.35497176  0.23840024  1.01082697]
 [ 0.42024503  0.19888147  0.46937935]]
V 1.89874340579
v对应变化位置:
用户j: 1
隐变量k: 2
v [[ 1.44231626  0.39522088  0.71105664 -0.75339889]
 [ 1.89874341 -0.00488103 -1.07884226 -0.24288113]
 [-0.18899092 -0.36229684  1.52422115  0.43936677]]
隐变量k: 3
U: 0.461097416467
u对应变化位置:
电影i: 6
隐变量k: 3
u [[ 0.76782862  0.43982629  0.13213011]
 [ 0.63227028  0.97754948  0.86914456]
 [ 0.46380154  0.5853379   0.6494803 ]
 [ 0.66462369  0.05480025  0.41895322]
 [ 0.35497176  0.23840024  1.01082697]
 [ 0.42024503  0.19888147  0.46109742]]
V -0.16851952078
v对应变化位置:
用户j: 1
隐变量k: 3
v [[ 1.44231626  0.39522088  0.71105664 -0.75339889]
 [ 1.89874341 -0.00488103 -1.07884226 -0.24288113]
 [-0.16851952 -0.36229684  1.52422115  0.43936677]]
+++++++++++++用户j:++++++++++++++ 2
math.fabs(a[i][j]) > 1e-4 4.0
隐变量k: 1
U: 0.436019487526
u对应变化位置:
电影i: 6
隐变量k: 1
u [[ 0.76782862  0.43982629  0.13213011]
 [ 0.63227028  0.97754948  0.86914456]
 [ 0.46380154  0.5853379   0.6494803 ]
 [ 0.66462369  0.05480025  0.41895322]
 [ 0.35497176  0.23840024  1.01082697]
 [ 0.43601949  0.19888147  0.46109742]]
V 0.411999296828
v对应变化位置:
用户j: 2
隐变量k: 1
v [[ 1.44231626  0.4119993   0.71105664 -0.75339889]
 [ 1.89874341 -0.00488103 -1.07884226 -0.24288113]
 [-0.16851952 -0.36229684  1.52422115  0.43936677]]
隐变量k: 2
U: 0.198666241081
u对应变化位置:
电影i: 6
隐变量k: 2
u [[ 0.76782862  0.43982629  0.13213011]
 [ 0.63227028  0.97754948  0.86914456]
 [ 0.46380154  0.5853379   0.6494803 ]
 [ 0.66462369  0.05480025  0.41895322]
 [ 0.35497176  0.23840024  1.01082697]
 [ 0.43601949  0.19866624  0.46109742]]
V 0.00307856204302
v对应变化位置:
用户j: 2
隐变量k: 2
v [[ 1.44231626  0.4119993   0.71105664 -0.75339889]
 [ 1.89874341  0.00307856 -1.07884226 -0.24288113]
 [-0.16851952 -0.36229684  1.52422115  0.43936677]]
隐变量k: 3
U: 0.446552421766
u对应变化位置:
电影i: 6
隐变量k: 3
u [[ 0.76782862  0.43982629  0.13213011]
 [ 0.63227028  0.97754948  0.86914456]
 [ 0.46380154  0.5853379   0.6494803 ]
 [ 0.66462369  0.05480025  0.41895322]
 [ 0.35497176  0.23840024  1.01082697]
 [ 0.43601949  0.19866624  0.44655242]]
V -0.343807788483
v对应变化位置:
用户j: 2
隐变量k: 3
v [[ 1.44231626  0.4119993   0.71105664 -0.75339889]
 [ 1.89874341  0.00307856 -1.07884226 -0.24288113]
 [-0.16851952 -0.34380779  1.52422115  0.43936677]]
+++++++++++++用户j:++++++++++++++ 3
math.fabs(a[i][j]) > 1e-4 5.0
隐变量k: 1
U: 0.46600843195
u对应变化位置:
电影i: 6
隐变量k: 1
u [[ 0.76782862  0.43982629  0.13213011]
 [ 0.63227028  0.97754948  0.86914456]
 [ 0.46380154  0.5853379   0.6494803 ]
 [ 0.66462369  0.05480025  0.41895322]
 [ 0.35497176  0.23840024  1.01082697]
 [ 0.46600843  0.19866624  0.44655242]]
V 0.729401477802
v对应变化位置:
用户j: 3
隐变量k: 1
v [[ 1.44231626  0.4119993   0.72940148 -0.75339889]
 [ 1.89874341  0.00307856 -1.07884226 -0.24288113]
 [-0.16851952 -0.34380779  1.52422115  0.43936677]]
隐变量k: 2
U: 0.153079849713
u对应变化位置:
电影i: 6
隐变量k: 2
u [[ 0.76782862  0.43982629  0.13213011]
 [ 0.63227028  0.97754948  0.86914456]
 [ 0.46380154  0.5853379   0.6494803 ]
 [ 0.66462369  0.05480025  0.41895322]
 [ 0.35497176  0.23840024  1.01082697]
 [ 0.46600843  0.15307985  0.44655242]]
V -1.07034340851
v对应变化位置:
用户j: 3
隐变量k: 2
v [[ 1.44231626  0.4119993   0.72940148 -0.75339889]
 [ 1.89874341  0.00307856 -1.07034341 -0.24288113]
 [-0.16851952 -0.34380779  1.52422115  0.43936677]]
隐变量k: 3
U: 0.510885538315
u对应变化位置:
电影i: 6
隐变量k: 3
u [[ 0.76782862  0.43982629  0.13213011]
 [ 0.63227028  0.97754948  0.86914456]
 [ 0.46380154  0.5853379   0.6494803 ]
 [ 0.66462369  0.05480025  0.41895322]
 [ 0.35497176  0.23840024  1.01082697]
 [ 0.46600843  0.15307985  0.51088554]]
V 1.54292954234
v对应变化位置:
用户j: 3
隐变量k: 3
v [[ 1.44231626  0.4119993   0.72940148 -0.75339889]
 [ 1.89874341  0.00307856 -1.07034341 -0.24288113]
 [-0.16851952 -0.34380779  1.54292954  0.43936677]]
+++++++++++++用户j:++++++++++++++ 4
math.fabs(a[i][j]) > 1e-4 5.0
隐变量k: 1
U: 0.42705778686
u对应变化位置:
电影i: 6
隐变量k: 1
u [[ 0.76782862  0.43982629  0.13213011]
 [ 0.63227028  0.97754948  0.86914456]
 [ 0.46380154  0.5853379   0.6494803 ]
 [ 0.66462369  0.05480025  0.41895322]
 [ 0.35497176  0.23840024  1.01082697]
 [ 0.42705779  0.15307985  0.51088554]]
V -0.72925978404
v对应变化位置:
用户j: 4
隐变量k: 1
v [[ 1.44231626  0.4119993   0.72940148 -0.72925978]
 [ 1.89874341  0.00307856 -1.07034341 -0.24288113]
 [-0.16851952 -0.34380779  1.54292954  0.43936677]]
隐变量k: 2
U: 0.140522635706
u对应变化位置:
电影i: 6
隐变量k: 2
u [[ 0.76782862  0.43982629  0.13213011]
 [ 0.63227028  0.97754948  0.86914456]
 [ 0.46380154  0.5853379   0.6494803 ]
 [ 0.66462369  0.05480025  0.41895322]
 [ 0.35497176  0.23840024  1.01082697]
 [ 0.42705779  0.14052264  0.51088554]]
V -0.234952093243
v对应变化位置:
用户j: 4
隐变量k: 2
v [[ 1.44231626  0.4119993   0.72940148 -0.72925978]
 [ 1.89874341  0.00307856 -1.07034341 -0.23495209]
 [-0.16851952 -0.34380779  1.54292954  0.43936677]]
隐变量k: 3
U: 0.533522489795
u对应变化位置:
电影i: 6
隐变量k: 3
u [[ 0.76782862  0.43982629  0.13213011]
 [ 0.63227028  0.97754948  0.86914456]
 [ 0.46380154  0.5853379   0.6494803 ]
 [ 0.66462369  0.05480025  0.41895322]
 [ 0.35497176  0.23840024  1.01082697]
 [ 0.42705779  0.14052264  0.53352249]]
V 0.465703959173
v对应变化位置:
用户j: 4
隐变量k: 3
v [[ 1.44231626  0.4119993   0.72940148 -0.72925978]
 [ 1.89874341  0.00307856 -1.07034341 -0.23495209]
 [-0.16851952 -0.34380779  1.54292954  0.46570396]]
迭代一次完成: [[ 0.76782862  0.43982629  0.13213011]
 [ 0.63227028  0.97754948  0.86914456]
 [ 0.46380154  0.5853379   0.6494803 ]
 [ 0.66462369  0.05480025  0.41895322]
 [ 0.35497176  0.23840024  1.01082697]
 [ 0.42705779  0.14052264  0.53352249]] [[ 1.44231626  0.4119993   0.72940148 -0.72925978]
 [ 1.89874341  0.00307856 -1.07034341 -0.23495209]
 [-0.16851952 -0.34380779  1.54292954  0.46570396]]
A [[5 5 0 5]
 [5 0 3 4]
 [3 4 0 3]
 [0 0 5 3]
 [5 4 4 5]
 [5 4 5 5]]
